Adirondack-30
rms_error_val: 13.72845
bad_match_val: 0.9819218541492322
bad_match_val: 0.9616223947142243
bad_match_val: 0.92501887171194
bad_match_val: 0.8510235606608916
quantiles: [11.45826721 22.0118721  23.4438282  25.03318787]

