Jadeplant-30
rms_error_val: 14.024732
bad_match_val: 0.9782903233245699
bad_match_val: 0.9476425211014252
bad_match_val: 0.8992587595898098
bad_match_val: 0.7719843026920652
quantiles: [11.1502533  23.82758713 26.58823032 28.73886211]

