Jadeplant-30
rms_error_val: 14.025043
bad_match_val: 0.978302046338576
bad_match_val: 0.9476603938932706
bad_match_val: 0.8992618344787294
bad_match_val: 0.7719691204280246
quantiles: [11.15032196 23.82652092 26.58556185 28.73762978]

