Jadeplant-30
rms_error_val: 13.995665
bad_match_val: 0.9780906477253509
bad_match_val: 0.9469764232892087
bad_match_val: 0.8989095675168735
bad_match_val: 0.7717333148839998
quantiles: [11.17844486 23.62781239 26.45022202 28.74496353]

