Jadeplant-30
rms_error_val: 13.985763
bad_match_val: 0.9780331857386652
bad_match_val: 0.9468966683578556
bad_match_val: 0.8986572344449056
bad_match_val: 0.7718213335793245
quantiles: [11.17347336 23.58818493 26.43130751 28.74296347]

