Adirondack-30
rms_error_val: 13.666185
bad_match_val: 0.9815882418632529
bad_match_val: 0.9611410600389025
bad_match_val: 0.9239966539818606
bad_match_val: 0.8490160557980685
quantiles: [11.35150719 21.99331665 23.43395977 25.02334976]

