Jadeplant-30
rms_error_val: 15.737617
bad_match_val: 0.9986351336807958
bad_match_val: 0.9738993819473272
bad_match_val: 0.9711087280721984
bad_match_val: 0.7067895469151176
quantiles: [13.82304001 24.64924316 28.50985222 29.18797461]

