Piano-30
rms_error_val: 12.646447
bad_match_val: 0.9985835961444499
bad_match_val: 0.9436792075689602
bad_match_val: 0.9410729356371874
bad_match_val: 0.9357693332741083
quantiles: [11.95994854 17.51976395 19.12608566 22.19828007]

