Jadeplant-30
rms_error_val: 13.995468
bad_match_val: 0.9784529080761958
bad_match_val: 0.9475962055870731
bad_match_val: 0.9003086419753087
bad_match_val: 0.7696554586965546
quantiles: [11.18443489 23.63855305 26.40498943 28.74570242]

