Adirondack-30
rms_error_val: 13.528319
bad_match_val: 0.9813055195869993
bad_match_val: 0.9607901310135029
bad_match_val: 0.9234983559699635
bad_match_val: 0.8478673198493656
quantiles: [11.19303703 21.86308327 23.41797638 25.15539959]

