Adirondack-30
rms_error_val: 14.568433
bad_match_val: 0.998962055843304
bad_match_val: 0.9923235600954471
bad_match_val: 0.9902868994978853
bad_match_val: 0.9862476816773347
quantiles: [13.45819902 20.89823627 22.29718552 27.01010895]

