Adirondack-30
rms_error_val: 13.702484
bad_match_val: 0.9818614222626829
bad_match_val: 0.961643245482098
bad_match_val: 0.9249487212471446
bad_match_val: 0.8507289993893199
quantiles: [11.40706539 22.01744652 23.45251598 25.0350322 ]

