Jadeplant-30
rms_error_val: 14.054985
bad_match_val: 0.9786550820226619
bad_match_val: 0.9479044632012669
bad_match_val: 0.9009032486201436
bad_match_val: 0.7697478975447012
quantiles: [11.20003653 23.85274982 26.56793051 28.76109589]

