Playroom-30
rms_error_val: 14.071221
bad_match_val: 0.9796910659910769
bad_match_val: 0.9435595363492727
bad_match_val: 0.9020434547699907
bad_match_val: 0.819131040807802
quantiles: [10.55224276 22.98622189 24.73987551 29.        ]

