Playroom-30
rms_error_val: 16.055206
bad_match_val: 0.9987900223380491
bad_match_val: 0.9405805622650418
bad_match_val: 0.9384264009710089
bad_match_val: 0.9342493673912912
quantiles: [13.13368893 24.69685364 26.67161293 28.66902924]

