Adirondack-30
rms_error_val: 13.673849
bad_match_val: 0.9815931895030874
bad_match_val: 0.9611915966457829
bad_match_val: 0.924103558342569
bad_match_val: 0.8492438239318753
quantiles: [11.36357403 21.99851608 23.43857384 25.02526093]

