Adirondack-30
rms_error_val: 13.519972
bad_match_val: 0.9812599306199534
bad_match_val: 0.96069223842535
bad_match_val: 0.9232970930495555
bad_match_val: 0.8475034916201117
quantiles: [11.17934418 21.85014858 23.41093798 25.1513385 ]

